622,9
606,6
606,5
622,7
622,6
622,5
622,4
622,3
622,2
622,1
622,0
607,7
621,6
621,5
621,3
621,2
621,1
621,0
620,4
620,3
620,2
620,1
620,0
619,3
619,2
619,1
619,0
618,6
618,5
618,3
618,2
618,1
618,0
617,4
617,3
617,2
617,1
617,0
616,3
616,2
616,1
616,0
615,5
615,3
615,2
615,1
615,0
614,3
614,2
614,1
614,0
596,8
613,7
613,6
613,3
613,2
613,1
613,0
612,4
612,3
612,2
612,1
612,0
611,3
611,2
611,1
611,0
610,6
610,5
610,3
610,2
610,1
610,0
609,4
609,3
609,2
609,1
609,0
608,3
608,2
608,1
608,0
607,6
607,5
607,4
607,3
607,2
607,1
607,0
606,4
606,3
606,2
606,1
606,0
605,3
605,2
605,1
605,0
604,3
604,2
604,1
604,0
603,4
603,3
603,2
603,1
603,0
602,3
602,2
602,1
602,0
601,4
601,3
601,2
601,1
601,0
600,4
600,3
600,2
600,1
600,0
599,4
599,3
599,2
599,1
599,0
598,5
598,4
598,3
598,2
598,1
598,0
597,3
597,2
597,1
597,0
596,4
596,3
596,2
596,1
596,0
595,3
595,2
595,1
595,0
0,6
0,49
593,7
593,6
593,5
593,4
593,3
593,2
593,1
592,6
592,5
592,3
592,2
592,1
589,6
589,5
589,3
589,2
589,1
586,5
586,3
586,2
586,1
584,7
584,6
584,3
584,2
584,1
581,6
581,5
581,3
581,2
581,1
577,6
577,5
577,4
577,3
577,2
577,1
575,3
575,2
575,1
574,4
574,3
574,2
574,1
573,3
573,2
573,1
572,4
572,3
572,2
572,1
571,4
571,3
571,2
571,1
570,4
570,3
570,2
570,1
569,5
569,4
569,3
569,2
569,1
568,3
568,2
568,1
567,8
567,4
567,3
567,2
567,1
566,3
566,2
566,1
5,3
5,2
5,0
4,3
3,44
3,43
3,42
3,41
3,40
3,39
3,38
3,37
3,36
3,35
3,34
3,33
3,32
3,31
3,30
3,29
3,28
3,27
3,26
3,25
3,24
3,23
3,22
3,21
3,20
3,19
3,18
3,17
3,16
3,15
3,14
3,13
3,12
3,11
3,10
3,9
3,8
3,7
3,6
3,5
3,4
3,3
3,2
3,0
7,3
2,44
2,43
2,42
2,41
2,40
2,39
2,38
2,37
2,36
2,35
2,34
2,33
2,32
2,31
2,30
2,29
2,28
2,27
2,26
2,25
2,24
2,23
2,22
2,21
2,20
2,19
2,18
2,17
2,16
2,15
2,14
2,13
2,12
2,11
2,10
2,9
2,8
2,7
2,6
2,5
2,4
2,3
2,2
2,0
1,45
1,44
1,43
1,42
1,41
1,40
1,39
1,38
1,37
1,36
1,35
1,34
1,33
1,32
1,31
1,30
1,29
1,28
1,27
1,26
1,25
1,24
1,23
1,22
1,21
1,20
1,19
1,18
1,17
1,16
1,15
1,14
1,13
1,12
1,11
1,10
1,9
1,8
1,7
1,6
1,5
1,4
1,3
1,2
1,0
0,48
0,47
0,46
0,45
0,12
0,11
0,10
0,9
0,8
0,2
0,0
0,5
0,7
0,4
0,3
593,0
592,0
589,0
586,0
584,0
581,0
577,0
575,0
574,0
573,0
572,0
571,0
570,0
569,0
568,0
567,0
566,0
